0.00
1.19
2.49
3.99
4.99
5.99
7.99
8.99
9.99
11.99
12.99
13.99
14.99
15.99
16.99
17.99
18.99
19.99
21.99
22.99
23.99
24.99
26.99
27.99
28.99
29.99
31.99
32.99
33.99
34.99
36.99
37.99
38.99
39.99
41.99
42.99
43.99
44.99
45.99
46.99
47.99
48.99
49.99
51.99
52.99
53.99
54.99
56.99
57.99
58.99
59.99
69.99
74.99
79.99
89.99
94.99
99.99
104.99
109.99
114.99
119.99
139.99
149.99
159.99
169.99
189.99
199.99
219.99
229.99
239.99
249.99
259.99
269.99
279.99
289.99
299.99
349.99
399.99
449.99
499.99
599.99
699.99
799.99
899.99
999.99
1199.99