0.00
0.70
1.40
2.10
2.80
3.50
4.20
4.90
5.60
6.30
7.00
7.70
8.40
9.10
9.80
10.50
11.20
11.90
12.60
13.30
14.00
14.70
15.40
16.10
16.80
17.50
18.20
18.90
19.60
20.30
21.00
21.70
22.40
23.10
23.80
24.50
25.20
25.90
26.60
27.30
28.00
28.70
29.40
30.10
30.80
31.50
32.20
32.90
33.60
34.30
35.00
38.50
42.00
45.50
49.00
52.50
56.00
59.50
63.00
66.50
70.00
77.00
84.00
87.50
91.00
98.00
105.00
112.00
119.00
122.50
126.00
133.00
140.00
147.00
154.00
161.00
168.00
175.00
210.00
245.00
280.00
315.00
350.00
420.00
490.00
560.00
630.00
700.00