0.00
1.10
2.20
3.30
4.40
5.50
6.60
7.70
8.80
9.90
11.00
12.50
14.00
15.00
16.00
17.00
18.00
19.00
20.00
21.00
22.00
24.00
25.00
26.00
27.00
28.00
29.00
30.00
31.00
32.00
33.00
34.00
35.00
36.00
37.00
38.00
39.00
40.00
41.00
43.00
44.00
45.00
46.00
47.00
48.00
49.00
51.00
52.00
53.00
54.00
55.00
59.00
62.00
69.00
76.00
79.00
85.00
89.00
99.00
105.00
109.00
119.00
129.00
139.00
149.00
159.00
169.00
179.00
189.00
199.00
209.00
219.00
229.00
249.00
259.00
279.00
329.00
389.00
449.00
499.00
549.00
669.00
779.00
899.00
999.00
1099.00