0.00
0.65
1.30
1.94
2.59
3.24
3.89
4.54
5.19
5.83
6.48
7.13
7.78
8.43
9.07
9.72
10.37
11.02
11.67
12.31
12.96
13.61
14.26
14.91
15.56
16.20
16.85
17.50
18.15
18.47
18.80
19.44
20.09
20.74
21.39
22.04
22.69
23.33
23.98
24.63
25.28
25.93
26.57
27.22
27.87
28.52
29.17
29.81
30.46
30.79
31.11
35.65
38.89
42.13
45.37
48.61
51.85
55.09
58.33
61.57
64.81
71.30
77.78
84.26
90.74
97.22
103.70
110.19
116.67
123.15
129.63
136.11
142.59
149.07
155.56
162.04
194.44
226.85
259.26
291.67
324.07
388.89
453.70
518.52
583.33
648.15