0.00
4.20
8.40
12.60
17.50
21.00
28.00
31.50
35.00
42.00
47.60
51.10
54.60
61.60
65.10
68.60
75.60
79.10
82.60
86.10
89.60
96.60
103.60
107.10
110.60
114.10
117.60
124.60
131.60
135.10
138.60
145.60
152.60
156.10
159.60
163.10
166.60
170.10
173.60
177.10
180.60
184.10
187.60
191.10
194.60
198.10
201.60
208.60
215.60
222.60
229.60
243.60
271.60
292.60
313.60
341.60
362.60
383.60
411.60
432.60
453.60
488.60
558.60
572.60
593.60
628.60
698.60
733.60
768.60
803.60
838.60
873.60
908.60
978.60
1013.60
1048.60
1118.60
1153.60
1398.60
1608.60
1818.60
2098.60
2308.60
2798.60
3148.60
3498.60
4128.60
4548.60
