0.00
6.00
12.00
18.00
24.00
30.00
36.00
42.00
48.00
54.00
59.00
69.00
75.00
79.00
85.00
89.00
99.00
105.00
109.00
115.00
119.00
125.00
129.00
135.00
139.00
149.00
155.00
159.00
165.00
169.00
179.00
185.00
189.00
195.00
199.00
209.00
215.00
219.00
225.00
229.00
239.00
245.00
249.00
255.00
259.00
269.00
275.00
279.00
285.00
289.00
299.00
319.00
339.00
369.00
399.00
439.00
469.00
499.00
529.00
559.00
599.00
629.00
669.00
689.00
699.00
749.00
819.00
899.00
929.00
949.00
969.00
1039.00
1119.00
1199.00
1269.00
1349.00
1399.00
1499.00
1799.00
1999.00
2399.00
2699.00
2999.00
3499.00
3999.00
4799.00
5499.00
5999.00