0.00
4.26
7.91
11.57
15.22
19.48
23.74
27.39
33.48
35.91
39.57
42.00
48.09
51.74
54.17
60.26
63.91
66.35
72.43
76.09
78.52
84.61
88.26
90.70
96.78
100.43
102.87
108.96
112.61
115.04
121.13
124.78
127.22
133.30
136.96
139.39
145.48
149.13
151.57
157.65
161.30
163.74
169.83
173.48
175.91
182.00
185.65
188.09
194.17
197.83
200.26
230.70
242.87
261.13
273.30
303.74
322.00
334.17
364.61
382.87
395.04
455.91
486.35
516.78
547.22
577.65
608.09
638.52
668.96
699.39
729.83
760.26
790.70
851.57
882.00
912.43
973.30
1034.17
1216.78
1399.39
1582.00
1825.48
2008.09
2434.17
2738.52
3042.87
3651.57
3955.91