0.00
0.79
1.59
2.39
2.99
3.99
4.99
5.49
5.99
6.99
7.99
8.99
9.99
10.49
10.99
11.99
12.99
13.99
14.49
14.99
15.99
16.99
17.99
18.49
18.99
19.99
20.99
21.49
21.99
22.99
23.99
24.99
25.49
25.99
26.99
27.99
28.99
29.49
29.99
30.99
31.99
32.99
33.49
33.99
34.99
35.99
36.99
37.49
37.99
38.99
39.99
42.99
44.99
49.99
54.99
59.99
62.99
64.99
69.99
74.99
79.99
84.99
89.99
94.99
99.99
109.99
119.99
124.99
129.99
139.99
149.99
159.99
169.99
179.99
189.99
199.99
239.99
279.99
319.99
359.99
399.99
479.99
559.99
639.99
719.99
799.99