0.00
0.54
1.09
1.64
2.19
2.73
3.34
3.65
4.25
4.86
5.47
6.08
6.69
7.30
7.91
8.52
8.82
9.12
9.73
10.34
10.95
11.56
12.17
12.78
13.08
13.39
13.99
14.60
15.21
15.82
16.43
17.04
17.65
17.95
18.25
18.86
19.47
20.08
20.69
21.30
21.91
22.52
22.82
23.12
23.73
24.34
24.95
25.56
26.17
26.78
27.39
30.43
33.47
36.52
38.34
39.56
42.60
45.65
48.69
51.73
54.78
57.82
60.86
63.91
66.95
73.04
79.12
85.21
91.30
94.34
97.39
103.47
109.56
115.65
121.73
127.82
133.91
139.99
164.34
194.78
219.12
243.47
273.91
334.78
389.56
438.25
486.95
547.82