0.00
0.59
1.19
1.79
2.39
2.99
3.49
3.99
4.99
5.49
5.99
6.49
6.99
7.49
7.99
8.99
9.49
9.99
10.99
11.49
11.99
12.49
12.99
13.99
14.49
14.99
15.49
15.99
16.99
17.49
17.99
18.49
18.99
19.99
20.49
20.99
21.49
21.99
22.99
23.49
23.99
24.49
24.99
25.99
26.49
26.99
27.49
27.99
28.99
29.49
29.99
32.99
34.99
37.99
39.99
42.99
44.99
49.99
52.99
54.99
59.99
64.99
69.99
74.99
79.99
84.99
89.99
94.99
99.99
109.99
114.99
119.99
124.99
129.99
139.99
149.99
179.99
199.99
239.99
279.99
299.99
349.99
399.99
449.99
499.99
599.99