0.00
0.42
0.91
1.21
1.52
1.82
2.43
3.04
3.34
3.65
4.25
4.56
4.86
5.47
6.08
6.39
6.69
7.30
7.91
8.21
8.52
9.12
9.43
9.73
10.34
10.65
10.95
11.56
11.86
12.17
12.78
13.39
13.69
13.99
14.60
14.91
15.21
15.82
16.43
16.73
17.04
17.65
17.95
18.25
18.86
19.47
19.78
20.08
20.69
20.99
21.30
23.12
24.34
27.39
29.21
30.43
33.47
35.30
36.52
39.56
42.60
45.65
48.69
54.78
57.82
60.86
66.95
73.04
76.08
79.12
85.21
88.25
91.30
97.39
103.47
106.52
121.73
152.17
182.60
197.82
213.04
243.47
304.34
334.78
365.21
426.08