0.00
8.00
15.00
23.00
28.00
38.00
48.00
53.00
58.00
68.00
78.00
83.00
88.00
98.00
108.00
118.00
123.00
128.00
138.00
148.00
158.00
163.00
168.00
178.00
188.00
198.00
203.00
208.00
218.00
228.00
238.00
243.00
248.00
258.00
268.00
278.00
283.00
288.00
298.00
308.00
318.00
323.00
328.00
338.00
348.00
358.00
363.00
368.00
378.00
388.00
398.00
418.00
448.00
488.00
548.00
588.00
618.00
648.00
688.00
748.00
788.00
848.00
888.00
988.00
1048.00
1088.00
1188.00
1248.00
1288.00
1388.00
1448.00
1488.00
1588.00
1648.00
1688.00
1788.00
1848.00
1888.00
2288.00
2688.00
3088.00
3488.00
3888.00
4488.00
4988.00
5988.00
6988.00
7888.00