0.00
5.60
10.50
16.10
19.60
26.60
33.60
37.10
40.60
47.60
54.60
58.10
61.60
68.60
75.60
82.60
86.10
89.60
96.60
103.60
110.60
114.10
117.60
124.60
131.60
138.60
142.10
145.60
152.60
159.60
166.60
170.10
173.60
180.60
187.60
194.60
198.10
201.60
208.60
215.60
222.60
226.10
229.60
236.60
243.60
250.60
254.10
257.60
264.60
271.60
278.60
292.60
313.60
341.60
383.60
411.60
432.60
453.60
481.60
523.60
551.60
593.60
621.60
691.60
733.60
761.60
831.60
873.60
901.60
971.60
1013.60
1041.60
1111.60
1153.60
1181.60
1251.60
1293.60
1321.60
1601.60
1881.60
2161.60
2441.60
2721.60
3141.60
3491.60
4191.60
4891.60
5521.60