0
9500
19000
29000
39000
49000
59000
69000
79000
89000
95000
99000
109000
119000
129000
139000
149000
159000
169000
179000
189000
199000
209000
219000
229000
239000
249000
259000
269000
279000
289000
299000
309000
319000
329000
339000
349000
359000
369000
379000
389000
395000
399000
409000
419000
429000
439000
449000
459000
469000
479000
499000
549000
599000
649000
699000
749000
799000
849000
899000
949000
1049000
1149000
1199000
1249000
1299000
1399000
1499000
1599000
1649000
1699000
1799000
1899000
1999000
2099000
2199000
2299000
2399000
2899000
3399000
3899000
4299000
4799000
5499000
6499000
7499000
8499000
9499000