0.00
6650.00
13300.00
20300.00
27300.00
34300.00
41300.00
48300.00
55300.00
62300.00
66500.00
69300.00
76300.00
83300.00
90300.00
97300.00
104300.00
111300.00
118300.00
125300.00
132300.00
139300.00
146300.00
153300.00
160300.00
167300.00
174300.00
181300.00
188300.00
195300.00
202300.00
209300.00
216300.00
223300.00
230300.00
237300.00
244300.00
251300.00
258300.00
265300.00
272300.00
276500.00
279300.00
286300.00
293300.00
300300.00
307300.00
314300.00
321300.00
328300.00
335300.00
349300.00
384300.00
419300.00
454300.00
489300.00
524300.00
559300.00
594300.00
629300.00
664300.00
734300.00
804300.00
839300.00
874300.00
909300.00
979300.00
1049300.00
1119300.00
1154300.00
1189300.00
1259300.00
1329300.00
1399300.00
1469300.00
1539300.00
1609300.00
1679300.00
2029300.00
2379300.00
2729300.00
3009300.00
3359300.00
3849300.00
4549300.00
5249300.00
5949300.00
6649300.00