0.00
3.90
7.90
11.90
15.90
19.90
23.90
27.90
31.90
35.90
39.90
43.90
47.90
51.90
55.90
59.90
63.90
67.90
71.90
75.90
79.90
83.90
87.90
91.90
95.90
99.90
103.90
107.90
111.90
115.90
119.90
123.90
127.90
131.90
135.90
139.90
143.90
147.90
151.90
155.90
159.90
163.90
167.90
171.90
175.90
179.90
183.90
187.90
191.90
195.90
199.90
219.90
239.90
259.90
279.90
299.90
319.90
339.90
359.90
379.90
399.90
439.90
479.90
499.90
519.90
559.90
599.90
639.90
679.90
699.90
719.90
759.90
799.90
839.90
879.90
919.90
959.90
999.90
1199.90
1399.90
1599.90
1799.90
1999.90
2399.90
2799.90
3199.90
3599.90
3999.90