0.00
2.73
5.53
8.33
11.13
13.93
16.73
19.53
22.33
25.13
27.93
30.73
33.53
36.33
39.13
41.93
44.73
47.53
50.33
53.13
55.93
58.73
61.53
64.33
67.13
69.93
72.73
75.53
78.33
81.13
83.93
86.73
89.53
92.33
95.13
97.93
100.73
103.53
106.33
109.13
111.93
114.73
117.53
120.33
123.13
125.93
128.73
131.53
134.33
137.13
139.93
153.93
167.93
181.93
195.93
209.93
223.93
237.93
251.93
265.93
279.93
307.93
335.93
349.93
363.93
391.93
419.93
447.93
475.93
489.93
503.93
531.93
559.93
587.93
615.93
643.93
671.93
699.93
839.93
979.93
1119.93
1259.93
1399.93
1679.93
1959.93
2239.93
2519.93
2799.93