0.00
38.50
77.00
119.00
154.00
189.00
245.00
273.00
315.00
343.00
385.00
413.00
455.00
483.00
525.00
553.00
623.00
665.00
693.00
735.00
770.00
805.00
840.00
875.00
910.00
945.00
980.00
1050.00
1085.00
1120.00
1155.00
1190.00
1225.00
1260.00
1295.00
1330.00
1400.00
1435.00
1470.00
1505.00
1540.00
1575.00
1610.00
1645.00
1680.00
1715.00
1750.00
1785.00
1820.00
1855.00
1890.00
2030.00
2240.00
2450.00
2730.00
2940.00
3150.00
3290.00
3430.00
3640.00
3850.00
4130.00
4550.00
4830.00
5250.00
5530.00
5950.00
6230.00
6650.00
6930.00
7350.00
7630.00
8050.00
8330.00
8750.00
9030.00
9450.00
9730.00
11130.00
13230.00
15330.00
17430.00
19530.00
23030.00
27230.00
31430.00
34930.00
38430.00