0.00
12.00
24.00
36.00
48.00
60.00
72.00
84.00
96.00
108.00
120.00
130.00
140.00
160.00
170.00
180.00
190.00
200.00
220.00
230.00
240.00
250.00
260.00
270.00
280.00
300.00
310.00
320.00
330.00
340.00
360.00
370.00
380.00
390.00
400.00
420.00
430.00
440.00
450.00
470.00
480.00
490.00
500.00
520.00
530.00
540.00
550.00
560.00
570.00
580.00
600.00
650.00
700.00
800.00
850.00
900.00
950.00
1000.00
1100.00
1150.00
1200.00
1300.00
1400.00
1500.00
1600.00
1700.00
1800.00
1900.00
2000.00
2100.00
2200.00
2300.00
2400.00
2500.00
2700.00
2800.00
2900.00
3000.00
3600.00
4200.00
4800.00
5400.00
6000.00
7200.00
8400.00
9600.00
10800.00
12000.00