0.00
8.40
16.80
25.20
33.60
42.00
50.40
58.80
67.20
75.60
84.00
91.00
98.00
112.00
119.00
126.00
133.00
140.00
154.00
161.00
168.00
175.00
182.00
189.00
196.00
210.00
217.00
224.00
231.00
238.00
252.00
259.00
266.00
273.00
280.00
294.00
301.00
308.00
315.00
329.00
336.00
343.00
350.00
364.00
371.00
378.00
385.00
392.00
399.00
406.00
420.00
455.00
490.00
560.00
595.00
630.00
665.00
700.00
770.00
805.00
840.00
910.00
980.00
1050.00
1120.00
1190.00
1260.00
1330.00
1400.00
1470.00
1540.00
1610.00
1680.00
1750.00
1890.00
1960.00
2030.00
2100.00
2520.00
2940.00
3360.00
3780.00
4200.00
5040.00
5880.00
6720.00
7560.00
8400.00