0.00
7.00
14.00
21.00
28.00
35.00
42.00
49.00
56.00
63.00
70.00
77.00
84.00
91.00
98.00
105.00
112.00
119.00
126.00
133.00
140.00
147.00
154.00
161.00
168.00
175.00
182.00
189.00
196.00
203.00
209.00
217.00
224.00
231.00
238.00
245.00
252.00
259.00
266.00
273.00
280.00
287.00
294.00
301.00
308.00
315.00
322.00
329.00
336.00
343.00
349.00
385.00
420.00
455.00
490.00
525.00
560.00
595.00
630.00
665.00
700.00
770.00
840.00
870.00
910.00
980.00
1050.00
1120.00
1190.00
1220.00
1260.00
1330.00
1400.00
1470.00
1540.00
1610.00
1680.00
1750.00
2100.00
2450.00
2800.00
3150.00
3500.00
4200.00
4900.00
5600.00
6300.00
7000.00