0.00
3.92
7.84
11.76
15.68
19.60
23.52
27.44
31.36
35.28
39.20
43.12
47.04
50.96
54.88
58.80
62.72
66.64
70.56
74.48
78.40
82.32
86.24
90.16
94.08
98.00
101.92
105.84
109.76
113.68
117.04
121.52
125.44
129.36
133.28
137.20
141.12
145.04
148.96
152.88
156.80
160.72
164.64
168.56
172.48
176.40
180.32
184.24
188.16
192.08
195.44
215.60
235.20
254.80
274.40
294.00
313.60
333.20
352.80
372.40
392.00
431.20
470.40
487.20
509.60
548.80
588.00
627.20
666.40
683.20
705.60
744.80
784.00
823.20
862.40
901.60
940.80
980.00
1176.00
1372.00
1568.00
1764.00
1960.00
2352.00
2744.00
3136.00
3528.00
3920.00