0.00
1.29
2.59
4.19
5.29
6.49
8.29
9.99
10.99
12.99
13.99
14.99
15.99
16.99
17.99
18.99
19.99
20.99
22.99
23.99
24.99
25.99
27.99
28.99
29.99
30.99
32.99
34.99
35.99
36.99
38.99
39.99
40.99
41.99
43.99
44.99
45.99
46.99
47.99
48.99
49.99
50.99
51.99
53.99
54.99
55.99
56.99
58.99
59.99
60.99
64.99
74.99
79.99
84.99
94.99
99.99
104.99
109.99
114.99
119.99
124.99
149.99
159.99
164.99
169.99
179.99
199.99
209.99
229.99
234.99
239.99
249.99
259.99
269.99
279.99
289.99
299.99
319.99
399.99
449.99
499.99
549.99
649.99
749.99
849.99
949.99
1049.99
1249.99