0.00
0.90
1.81
2.93
3.70
4.54
5.80
6.99
7.69
9.09
9.79
10.49
11.19
11.89
12.59
13.29
13.99
14.69
16.09
16.79
17.49
18.19
19.59
20.29
20.99
21.69
23.09
24.49
25.19
25.89
27.29
27.99
28.69
29.39
30.79
31.49
32.19
32.89
33.59
34.29
34.99
35.69
36.39
37.79
38.49
39.19
39.89
41.29
41.99
42.69
45.49
52.49
55.99
59.49
66.49
69.99
73.49
76.99
80.49
83.99
87.49
104.99
111.99
118.99
125.99
139.99
146.99
160.99
167.99
174.99
181.99
188.99
195.99
202.99
209.99
223.99
279.99
314.99
349.99
384.99
454.99
524.99
594.99
664.99
734.99
874.99