0.00
23.10
46.20
69.30
90.30
118.30
139.30
160.30
188.30
209.30
230.30
244.30
265.30
279.30
314.30
335.30
349.30
384.30
405.30
419.30
454.30
475.30
489.30
524.30
545.30
559.30
594.30
615.30
629.30
664.30
685.30
699.30
720.30
734.30
769.30
790.30
804.30
839.30
860.30
874.30
909.30
930.30
944.30
979.30
1000.30
1014.30
1049.30
1070.30
1084.30
1113.00
1183.00
1253.00
1393.00
1463.00
1603.00
1743.00
1883.00
1953.00
2093.00
2163.00
2303.00
2443.00
2653.00
2723.00
2793.00
3143.00
3353.00
3493.00
3843.00
3983.00
4053.00
4193.00
4543.00
4753.00
4893.00
5243.00
5453.00
5593.00
6853.00
8043.00
9093.00
10493.00
11893.00
13993.00
16093.00
18893.00
20993.00
23093.00