0.00
3.69
7.29
10.99
14.99
17.99
20.99
24.99
29.99
32.99
36.99
39.99
44.99
47.99
49.99
54.99
59.99
64.99
67.99
69.99
74.99
77.99
79.99
84.99
87.99
89.99
94.99
99.99
104.99
107.99
109.99
114.99
117.99
119.99
124.99
127.99
129.99
134.99
139.99
144.99
147.99
149.99
154.99
157.99
159.99
164.99
167.99
169.99
174.99
179.99
184.99
199.99
219.99
229.99
249.99
279.99
299.99
319.99
329.99
349.99
369.99
399.99
429.99
449.99
479.99
499.99
549.99
579.99
599.99
649.99
679.99
699.99
749.99
779.99
799.99
849.99
879.99
899.99
1099.99
1299.99
1499.99
1599.99
1799.99
2199.99
2499.99
2999.99
3299.99
3699.99