0.00
7.00
15.00
22.00
28.00
38.00
45.00
49.00
55.00
65.00
75.00
85.00
95.00
99.00
105.00
109.00
119.00
129.00
135.00
139.00
149.00
159.00
169.00
175.00
179.00
189.00
195.00
199.00
209.00
219.00
229.00
235.00
239.00
245.00
249.00
265.00
269.00
275.00
285.00
289.00
299.00
309.00
315.00
319.00
329.00
339.00
345.00
349.00
359.00
369.00
379.00
399.00
419.00
469.00
519.00
569.00
599.00
619.00
659.00
699.00
749.00
799.00
849.00
879.00
899.00
949.00
999.00
1099.00
1179.00
1199.00
1239.00
1319.00
1399.00
1499.00
1599.00
1699.00
1799.00
1899.00
2299.00
2599.00
2999.00
3399.00
3799.00
4499.00
5299.00
5999.00
6799.00
7499.00