0
4.26
9.13
13.39
17.04
23.13
27.39
29.83
33.48
39.57
45.65
51.74
57.83
60.26
63.91
66.35
72.43
78.52
82.17
84.61
90.70
96.78
102.87
106.52
108.96
115.04
118.70
121.13
127.22
133.30
139.39
143.04
145.48
149.13
151.57
161.30
163.74
167.39
173.48
175.91
182
188.09
191.74
194.17
200.26
206.35
210
212.43
218.52
224.61
230.70
242.87
255.04
285.48
315.91
346.35
364.61
376.78
401.13
425.48
455.91
486.35
516.78
535.04
547.22
577.65
608.09
668.96
717.65
729.83
754.17
802.87
851.57
912.43
973.30
1034.17
1095.04
1155.91
1399.39
1582
1825.48
2068.96
2312.43
2738.52
3225.48
3651.57
4138.52
4564.61