0.00
1.28
2.58
3.98
4.98
5.98
6.98
8.98
9.98
10.98
12.98
13.98
14.98
15.98
17.98
18.98
19.98
21.98
22.98
23.98
25.98
26.98
27.98
28.98
30.98
31.98
32.98
34.98
35.98
36.98
38.98
39.98
40.98
41.98
43.98
44.98
45.98
47.98
48.98
49.98
51.98
52.98
53.98
54.98
56.98
57.98
58.98
60.98
61.98
62.98
64.98
68.98
74.98
78.98
88.98
94.98
98.98
104.98
108.98
118.98
128.98
138.98
148.98
158.98
168.98
178.98
188.98
198.98
208.98
218.98
228.98
238.98
258.98
268.98
278.98
288.98
298.98
308.98
368.98
428.98
488.98
588.98
648.98
788.98
888.98
988.98
1088.98
1288.98