0
0.90
1.81
2.79
3.49
4.19
4.89
6.29
6.99
7.69
9.09
9.79
10.49
11.19
12.59
13.29
13.99
15.39
16.09
16.79
18.19
18.89
19.59
20.29
21.69
22.39
23.09
24.49
25.19
25.89
27.29
27.99
28.69
29.39
30.79
31.49
32.19
33.59
34.29
34.99
36.39
37.09
37.79
38.49
39.89
40.59
41.29
42.69
43.39
44.09
45.49
48.29
52.49
55.29
62.29
66.49
69.29
73.49
76.29
83.29
90.29
97.29
104.29
111.29
118.29
125.29
132.29
139.29
146.29
153.29
160.29
167.29
181.29
188.29
195.29
202.29
209.29
216.29
258.29
300.29
342.29
412.29
454.29
552.29
622.29
692.29
762.29
902.29