0.00
1.79
3.59
5.49
6.99
8.99
10.99
12.99
14.99
16.99
17.99
19.99
21.99
23.99
24.99
26.99
28.99
30.99
32.99
34.99
35.99
37.99
39.99
41.99
43.99
44.99
46.99
48.99
50.99
52.99
53.99
55.99
57.99
59.99
61.99
62.99
64.99
66.99
68.99
70.99
71.99
73.99
75.99
77.99
79.99
80.99
82.99
84.99
86.99
88.99
89.99
99.99
109.99
119.99
129.99
139.99
144.99
149.99
159.99
169.99
179.99
199.99
219.99
229.99
239.99
249.99
269.99
289.99
309.99
319.99
329.99
349.99
359.99
379.99
399.99
419.99
439.99
449.99
549.99
649.99
749.99
799.99
899.99
1099.99
1299.99
1399.99
1599.99
1799.99