0.00
1.25
2.51
3.84
4.89
6.29
7.69
9.09
10.49
11.89
12.59
13.99
15.39
16.79
17.49
18.89
20.29
21.69
23.09
24.49
25.19
26.59
27.99
29.39
30.79
31.49
32.89
34.29
35.69
37.09
37.79
39.19
40.59
41.99
43.39
44.09
45.49
46.89
48.29
49.69
50.39
51.79
53.19
54.59
55.99
56.69
58.09
59.49
60.89
62.29
62.99
69.99
76.99
83.99
90.99
97.99
101.49
104.99
111.99
118.99
125.99
139.99
153.99
160.99
167.99
174.99
188.99
202.99
216.99
223.99
230.99
244.99
251.99
265.99
279.99
293.99
307.99
314.99
384.99
454.99
524.99
559.99
629.99
769.99
909.99
979.99
1119.99
1259.99