0.00
7.99
15.99
24.99
32.99
39.99
48.99
56.99
64.99
72.99
79.99
89.99
99.99
109.99
114.99
119.99
129.99
139.99
149.99
154.99
159.99
169.99
179.99
189.99
194.99
199.99
209.99
219.99
229.99
234.99
239.99
249.99
259.99
269.99
274.99
279.99
289.99
299.99
309.99
314.99
319.99
329.99
339.99
349.99
354.99
359.99
369.99
379.99
389.99
394.99
399.99
449.99
499.99
549.99
579.99
599.99
649.99
699.99
749.99
779.99
799.99
899.99
999.99
1049.99
1099.99
1149.99
1199.99
1299.99
1399.99
1449.99
1499.99
1549.99
1599.99
1699.99
1799.99
1899.99
1949.99
1999.99
2499.99
2999.99
3299.99
3799.99
3999.99
4999.99
5999.99
6499.99
7499.99
7999.99