0.00
5.59
11.19
17.49
23.09
27.99
34.29
39.89
45.49
51.09
55.99
62.99
69.99
76.99
80.49
83.99
90.99
97.99
104.99
108.49
111.99
118.99
125.99
132.99
136.49
139.99
146.99
153.99
160.99
164.49
167.99
174.99
181.99
188.99
192.49
195.99
202.99
209.99
216.99
220.49
223.99
230.99
237.99
244.99
248.49
251.99
258.99
265.99
272.99
276.49
279.99
314.99
349.99
384.99
405.99
419.99
454.99
489.99
524.99
545.99
559.99
629.99
699.99
734.99
769.99
804.99
839.99
909.99
979.99
1014.99
1049.99
1084.99
1119.99
1189.99
1259.99
1329.99
1364.99
1399.99
1749.99
2099.99
2309.99
2659.99
2799.99
3499.99
4199.99
4549.99
5249.99
5599.99